       8
(6e12.5)
     0.0000e+00     0.0000e+00      0  0  0.00
     200   1.00000  0.0000e+00
-1.07229e-08-6.56949e-10 1.16361e-08 1.60708e-08-2.52230e-09-6.19764e-08
-1.77554e-07-3.55029e-07-5.86676e-07-8.49882e-07-1.10513e-06-1.29493e-06
-1.34378e-06-1.16301e-06-6.69944e-07 1.72620e-07 1.30149e-06 2.49755e-06
 3.36041e-06 3.44861e-06 2.58387e-06 1.05723e-06-3.85551e-07-1.24670e-06
-1.56447e-06-1.52834e-06-1.28960e-06-9.65980e-07-6.45967e-07-3.81476e-07
-1.90963e-07-7.02480e-08-3.73082e-09 2.73664e-08 3.93678e-08 4.33451e-08
 4.55915e-08 4.88249e-08 5.28927e-08 5.57598e-08 5.56434e-08 5.22066e-08
 4.62114e-08 3.88638e-08 3.12212e-08 2.41067e-08 1.81672e-08 1.39290e-08
 1.16258e-08 1.11220e-08 1.20651e-08 1.40804e-08 1.67919e-08 1.97538e-08
 2.25270e-08 2.47766e-08 2.62818e-08 2.68142e-08 2.61837e-08 2.43028e-08
 2.12298e-08 1.71770e-08 1.24436e-08 7.35693e-09 2.24247e-09-2.56582e-09
-6.73361e-09-9.97324e-09-1.20865e-08-1.29926e-08-1.27406e-08-1.15005e-08
-9.51510e-09-7.05455e-09-4.36926e-09-1.65618e-09 8.95679e-10 3.04739e-09
 4.53091e-09 5.11787e-09 4.67187e-09 3.18407e-09 7.97468e-10-2.18846e-09
-5.36892e-09-8.37698e-09-1.09951e-08-1.31040e-08-1.45731e-08-1.52391e-08
-1.49355e-08-1.35156e-08-1.09240e-08-7.28725e-09-2.90763e-09 1.80639e-09
 6.41016e-09 1.05215e-08 1.38867e-08 1.63400e-08 1.77561e-08 1.80486e-08
 1.71651e-08 1.51245e-08 1.20670e-08 8.22775e-09 3.91401e-09-4.97368e-10
-4.60384e-09-8.04580e-09-1.05681e-08-1.20343e-08-1.24284e-08-1.18616e-08
-1.05282e-08-8.65138e-09-6.46801e-09-4.21443e-09-2.10913e-09-3.70084e-10
 8.04583e-10 1.33186e-09 1.31194e-09 9.88485e-10 6.79168e-10 7.52587e-10
 1.56437e-09 3.31200e-09 5.93461e-09 9.12447e-09 1.24065e-08 1.52047e-08
 1.68725e-08 1.67512e-08 1.43339e-08 9.42264e-09 2.19461e-09-6.73180e-09
-1.62736e-08-2.49760e-08-3.12224e-08-3.36036e-08-3.13202e-08-2.44075e-08
-1.37576e-08-1.00918e-09 1.17097e-08 2.22213e-08 2.87846e-08 3.04606e-08
 2.73424e-08 2.05739e-08 1.20476e-08 3.89168e-09-2.09532e-09-4.98405e-09
-5.02550e-09-3.51328e-09-2.26616e-09-2.91330e-09-6.20411e-09-1.16634e-08
-1.77250e-08-2.22682e-08-2.33921e-08-2.01495e-08-1.29577e-08-3.44840e-09
 6.18936e-09 1.40289e-08 1.90645e-08 2.14364e-08 2.21023e-08 2.21314e-08
 2.20177e-08 2.13624e-08 1.90935e-08 1.41617e-08 6.32697e-09-3.48686e-09
-1.34865e-08-2.17347e-08-2.68984e-08-2.86443e-08-2.74874e-08-2.42171e-08
-1.93199e-08-1.28581e-08-4.91132e-09 3.83565e-09 1.19108e-08 1.74890e-08
 1.91978e-08 1.68352e-08 1.15411e-08 5.27916e-09 4.31544e-12-2.99915e-09
-3.39016e-09-1.83155e-09
     0.0000e+00     0.0000e+00      0  0  0.00
     200   1.00000  0.0000e+00
-1.93444e-10 1.27022e-08 1.79589e-08 2.49614e-08 3.30985e-08 4.14904e-08
 4.90110e-08 5.41301e-08 5.46584e-08 4.84449e-08 3.45072e-08 1.20318e-08
-2.25619e-08-7.56270e-08-1.51928e-07-2.47829e-07-3.45197e-07-4.08875e-07
-3.89657e-07-2.35797e-07 5.76221e-08 3.70161e-07 5.28493e-07 4.91973e-07
 3.72264e-07 2.48977e-07 1.33622e-07 3.50991e-08-3.72697e-08-8.37496e-08
-1.10392e-07-1.22949e-07-1.25207e-07-1.19694e-07-1.08129e-07-9.14795e-08
-7.04050e-08-4.67444e-08-2.32719e-08-2.90938e-09 1.18621e-08 2.05332e-08
 2.44377e-08 2.51916e-08 2.38367e-08 2.09800e-08 1.71381e-08 1.28941e-08
 8.86044e-09 5.33303e-09 2.27252e-09-5.15672e-10-3.23583e-09-5.82201e-09
-7.93937e-09-9.25643e-09-9.49275e-09-8.49955e-09-6.41752e-09-3.55993e-09
-2.44709e-10 3.26095e-09 6.64053e-09 9.50529e-09 1.14795e-08 1.23213e-08
 1.20551e-08 1.09530e-08 9.37344e-09 7.60448e-09 5.76734e-09 3.81594e-09
 1.64555e-09-7.77626e-10-3.34215e-09-5.77573e-09-7.71660e-09-8.87324e-09
-9.16270e-09-8.72255e-09-7.77944e-09-6.51293e-09-5.01097e-09-3.31129e-09
-1.44789e-09 5.40793e-10 2.57219e-09 4.43757e-09 5.83403e-09 6.56197e-09
 6.66370e-09 6.32093e-09 5.64794e-09 4.61349e-09 3.14545e-09 1.29836e-09
-6.83876e-10-2.49295e-09-3.94964e-09-5.05636e-09-5.89161e-09-6.48272e-09
-6.74569e-09-6.52562e-09-5.69976e-09-4.25698e-09-2.33413e-09-1.99000e-10
 1.84561e-09 3.58850e-09 4.96620e-09 6.00433e-09 6.71381e-09 7.03998e-09
 6.88187e-09 6.14879e-09 4.80767e-09 2.90856e-09 6.03499e-10-1.84583e-09
-4.11294e-09-5.91651e-09-7.10832e-09-7.65540e-09-7.56801e-09-6.86467e-09
-5.57545e-09-3.74619e-09-1.45285e-09 1.14328e-09 3.75321e-09 6.00246e-09
 7.53720e-09 8.12587e-09 7.72559e-09 6.50470e-09 4.78131e-09 2.89338e-09
 1.10348e-09-4.05082e-10-1.49796e-09-2.10886e-09-2.27016e-09-2.07680e-09
-1.65355e-09-1.21620e-09-1.11680e-09-1.70291e-09-3.05433e-09-4.84123e-09
-6.43130e-09-7.17396e-09-6.68918e-09-4.97727e-09-2.33249e-09 7.88970e-10
 3.85248e-09 6.32093e-09 7.75436e-09 7.92272e-09 6.90124e-09 5.06702e-09
 2.97329e-09 1.15589e-09-6.38105e-11-6.99587e-10-1.06900e-09-1.59702e-09
-2.55826e-09-3.91468e-09-5.32194e-09-6.27883e-09-6.34717e-09-5.34907e-09
-3.45487e-09-1.11991e-09 1.10677e-09 2.82297e-09 3.92771e-09 4.58010e-09
 5.00272e-09 5.28946e-09 5.33973e-09 4.92491e-09 3.84294e-09 2.09997e-09
 2.94276e-12-1.94775e-09-3.31484e-09-3.93192e-09-3.90921e-09-3.47729e-09
-2.81873e-09-1.99702e-09-1.01449e-09 5.95579e-11 1.00808e-09 1.53820e-09
 1.48563e-09 9.72482e-10
     0.0000e+00     0.0000e+00      0  0  0.00
     200   1.00000  0.0000e+00
 3.62007e-10 2.93661e-11-4.62575e-07-4.74739e-07-4.20641e-07-2.78746e-07
-4.49783e-08 2.52957e-07 5.44526e-07 7.35839e-07 7.68160e-07 6.41146e-07
 4.15417e-07 1.94507e-07 6.51492e-08 5.16312e-08 1.27981e-07 2.45371e-07
 3.50202e-07 3.90956e-07 3.29790e-07 1.66148e-07-5.15630e-08-2.39321e-07
-3.26185e-07-3.04253e-07-2.33513e-07-2.06786e-07-2.48787e-07-2.91052e-07
-2.90186e-07-2.57807e-07-2.09636e-07-1.52648e-07-9.32450e-08-3.78122e-08
 9.44234e-09 4.58875e-08 7.00775e-08 8.20398e-08 8.32308e-08 7.64819e-08
 6.51533e-08 5.21476e-08 3.95082e-08 2.84415e-08 1.95107e-08 1.28584e-08
 8.41966e-09 6.05179e-09 5.55779e-09 6.69879e-09 9.18332e-09 1.26408e-08
 1.66102e-08 2.05784e-08 2.40402e-08 2.65497e-08 2.77450e-08 2.73749e-08
 2.53390e-08 2.17092e-08 1.67112e-08 1.06818e-08 4.02527e-09-2.82281e-09
-9.42839e-09-1.53809e-08-2.03065e-08-2.38894e-08-2.59046e-08-2.62411e-08
-2.49049e-08-2.20169e-08-1.78077e-08-1.26027e-08-6.79422e-09-8.09886e-10
 4.91788e-09 9.98205e-09 1.40332e-08 1.68071e-08 1.81403e-08 1.79758e-08
 1.63597e-08 1.34352e-08 9.43717e-09 4.68659e-09-4.30861e-10-5.50167e-09
-1.01238e-08-1.39402e-08-1.66675e-08-1.81140e-08-1.81844e-08-1.68771e-08
-1.42838e-08-1.05923e-08-6.08593e-09-1.12662e-09 3.88423e-09 8.55570e-09
 1.25435e-08 1.55640e-08 1.73993e-08 1.79096e-08 1.70503e-08 1.48771e-08
 1.15497e-08 7.34048e-09 2.62541e-09-2.17348e-09-6.66648e-09-1.05332e-08
-1.35064e-08-1.53535e-08-1.58945e-08-1.50486e-08-1.28778e-08-9.59233e-09
-5.50986e-09-1.00046e-09 3.54643e-09 7.74241e-09 1.12316e-08 1.37246e-08
 1.50204e-08 1.50216e-08 1.37455e-08 1.13245e-08 7.99639e-09 4.08262e-09
-4.57094e-11-4.01103e-09-7.48257e-09-1.02234e-08-1.21039e-08-1.30864e-08
-1.32044e-08-1.25431e-08-1.12171e-08-9.35052e-09-7.05919e-09-4.43831e-09
-1.55509e-09 1.54791e-09 4.82270e-09 8.16442e-09 1.13714e-08 1.41411e-08
 1.61031e-08 1.68861e-08 1.62049e-08 1.39406e-08 1.01875e-08 5.25793e-09
-3.51051e-10-6.02568e-09-1.11318e-08-1.51257e-08-1.76477e-08-1.85664e-08
-1.79654e-08-1.60832e-08-1.32240e-08-9.66238e-09-5.58894e-09-1.13212e-09
 3.55732e-09 8.22996e-09 1.25267e-08 1.60321e-08 1.83554e-08 1.92100e-08
 1.84751e-08 1.62284e-08 1.27369e-08 8.40002e-09 3.65593e-09-1.10586e-09
-5.57833e-09-9.51250e-09-1.26725e-08-1.48166e-08-1.57313e-08-1.53094e-08
-1.36175e-08-1.09039e-08-7.54052e-09-3.93625e-09-4.59998e-10 2.59254e-09
 4.99164e-09 6.55845e-09 7.17419e-09 6.82308e-09 5.64549e-09 3.95312e-09
 2.17466e-09 7.40953e-10
     0.0000e+00     0.0000e+00      0  0  0.00
     200   1.00000  0.0000e+00
-5.54534e-11-1.92946e-10-2.75152e-11-7.50575e-08-1.04486e-07-1.38542e-07
-1.68837e-07-1.81406e-07-1.58089e-07-8.15473e-08 4.45418e-08 1.66574e-07
 2.06680e-07 1.39187e-07 1.57330e-08-8.29750e-08-8.70118e-08 4.00145e-08
 2.90277e-07 6.13107e-07 9.16929e-07 1.07287e-06 9.51351e-07 4.77210e-07
-2.96620e-07-1.11859e-06-1.61994e-06-1.52961e-06-9.41438e-07-2.79469e-07
 1.64573e-07 3.98407e-07 4.87820e-07 4.62642e-07 3.60315e-07 2.29474e-07
 1.07976e-07 1.56664e-08-4.13636e-08-6.60077e-08-6.65075e-08-5.29689e-08
-3.42230e-08-1.62033e-08-1.92912e-09 7.72773e-09 1.32044e-08 1.55567e-08
 1.58452e-08 1.48591e-08 1.31351e-08 1.10355e-08 8.85360e-09 6.86395e-09
 5.29846e-09 4.28764e-09 3.82669e-09 3.78870e-09 3.97530e-09 4.16795e-09
 4.19299e-09 3.95582e-09 3.43480e-09 2.66170e-09 1.69300e-09 5.85871e-10
-5.95680e-10-1.77804e-09-2.88985e-09-3.86790e-09-4.66072e-09-5.23703e-09
-5.58319e-09-5.69146e-09-5.55637e-09-5.18077e-09-4.58039e-09-3.78606e-09
-2.84426e-09-1.81578e-09-7.70325e-10 2.17677e-10 1.07357e-09 1.73396e-09
 2.15779e-09 2.32715e-09 2.24688e-09 1.94413e-09 1.46476e-09 8.66820e-10
 2.10643e-10-4.46690e-10-1.04848e-09-1.53609e-09-1.85488e-09-1.96520e-09
-1.85374e-09-1.53645e-09-1.05108e-09-4.45618e-10 2.30296e-10 9.25512e-10
 1.58443e-09 2.15263e-09 2.58395e-09 2.83834e-09 2.88193e-09 2.69925e-09
 2.30229e-09 1.72267e-09 9.98686e-10 1.77968e-10-6.72714e-10-1.47761e-09
-2.17522e-09-2.72230e-09-3.08417e-09-3.23582e-09-3.16461e-09-2.86681e-09
-2.35470e-09-1.66628e-09-8.56825e-10 1.33752e-11 8.77856e-10 1.66875e-09
 2.33198e-09 2.83054e-09 3.14032e-09 3.25083e-09 3.16266e-09 2.88232e-09
 2.42574e-09 1.82127e-09 1.10641e-09 3.29913e-10-4.52125e-10-1.19167e-09
-1.84755e-09-2.38006e-09-2.75499e-09-2.93777e-09-2.89779e-09-2.61794e-09
-2.09917e-09-1.36818e-09-4.82281e-10 4.74959e-10 1.40632e-09 2.21485e-09
 2.81566e-09 3.14455e-09 3.16164e-09 2.85416e-09 2.24350e-09 1.39063e-09
 3.86932e-10-6.66404e-10-1.67399e-09-2.55771e-09-3.26756e-09-3.77687e-09
-4.06339e-09-4.10315e-09-3.88028e-09-3.38998e-09-2.63316e-09-1.62372e-09
-4.09138e-10 9.22885e-10 2.26322e-09 3.50164e-09 4.53399e-09 5.27308e-09
 5.66438e-09 5.68714e-09 5.34598e-09 4.66815e-09 3.69718e-09 2.48272e-09
 1.08601e-09-4.06688e-10-1.88736e-09-3.23955e-09-4.35057e-09-5.12927e-09
-5.52157e-09-5.50875e-09-5.10045e-09-4.33468e-09-3.27554e-09-2.01211e-09
-6.62987e-10 6.31522e-10 1.72874e-09 2.50167e-09 2.86720e-09 2.81191e-09
 2.39409e-09 1.74027e-09
     0.0000e+00     0.0000e+00      0  0  0.00
     200   1.00000  0.0000e+00
 1.02636e-09 4.35080e-10 9.60188e-11 3.64882e-12 4.82889e-07 4.97652e-07
 4.23262e-07 2.27622e-07-9.79945e-08-5.18330e-07-9.36646e-07-1.20991e-06
-1.21422e-06-8.91827e-07-3.21570e-07 2.61834e-07 6.32840e-07 7.07472e-07
 5.21841e-07 1.84702e-07-1.60905e-07-3.70512e-07-3.42329e-07-6.83539e-08
 3.29047e-07 6.09099e-07 5.34967e-07 8.33281e-08-4.69945e-07-7.25607e-07
-5.70367e-07-2.62303e-07-5.56558e-09 1.78227e-07 2.95234e-07 3.39965e-07
 3.22009e-07 2.63462e-07 1.85413e-07 1.05746e-07 3.82264e-08-9.89042e-09
-3.77826e-08-4.91904e-08-4.94233e-08-4.33760e-08-3.47763e-08-2.60234e-08
-1.84174e-08-1.25044e-08-8.38863e-09-5.95120e-09-4.94573e-09-5.10428e-09
-6.19164e-09-7.99803e-09-1.02829e-08-1.27679e-08-1.51618e-08-1.71810e-08
-1.85536e-08-1.90523e-08-1.85545e-08-1.70736e-08-1.47315e-08-1.17206e-08
-8.25500e-09-4.53284e-09-7.29881e-10 2.97576e-09 6.36456e-09 9.18416e-09
 1.12076e-08 1.22945e-08 1.24088e-08 1.16044e-08 1.00027e-08 7.76942e-09
 5.09420e-09 2.18049e-09-7.56952e-10-3.49610e-09-5.82386e-09-7.55904e-09
-8.57519e-09-8.81439e-09-8.28069e-09-7.02434e-09-5.13487e-09-2.74941e-09
-5.76801e-11 2.71289e-09 5.32977e-09 7.59086e-09 9.34708e-09 1.05035e-08
 1.10005e-08 1.07942e-08 9.85839e-09 8.21346e-09 5.96501e-09 3.31502e-09
 5.20097e-10-2.18554e-09-4.64142e-09-6.74732e-09-8.42004e-09-9.57397e-09
-1.01217e-08-9.97525e-09-9.08290e-09-7.51522e-09-5.50535e-09-3.34728e-09
-1.23467e-09 7.81463e-10 2.68551e-09 4.37910e-09 5.67103e-09 6.37090e-09
 6.40366e-09 5.84429e-09 4.84421e-09 3.54115e-09 2.04163e-09 4.51705e-10
-1.11034e-09-2.51971e-09-3.65244e-09-4.40246e-09-4.69675e-09-4.50017e-09
-3.82289e-09-2.72847e-09-1.33177e-09 2.15798e-10 1.76202e-09 3.19181e-09
 4.42182e-09 5.36419e-09 5.91379e-09 5.96996e-09 5.47522e-09 4.44737e-09
 2.98195e-09 1.22691e-09-6.57903e-10-2.53770e-09-4.30773e-09-5.86456e-09
-7.08061e-09-7.81531e-09-7.95379e-09-7.44502e-09-6.32440e-09-4.70626e-09
-2.73862e-09-5.52430e-10 1.74431e-09 4.02926e-09 6.13932e-09 7.88837e-09
 9.10726e-09 9.67387e-09 9.53231e-09 8.70910e-09 7.30479e-09 5.43922e-09
 3.19608e-09 6.44896e-10-2.07113e-09-4.70170e-09-6.97481e-09-8.71198e-09
-9.85531e-09-1.04016e-08-1.03282e-08-9.58442e-09-8.15853e-09-6.14765e-09
-3.74750e-09-1.17582e-09 1.38461e-09 3.78704e-09 5.89806e-09 7.57951e-09
 8.69342e-09 9.14011e-09 8.89524e-09 8.00933e-09 6.58426e-09 4.75293e-09
 2.67202e-09 5.28363e-10-1.46307e-09-3.08827e-09-4.17116e-09-4.60417e-09
-4.38026e-09-3.61142e-09
     0.0000e+00     0.0000e+00      0  0  0.00
     200   1.00000  0.0000e+00
-2.51812e-09-1.39103e-09-5.18456e-10-7.72184e-11 1.32762e-12-3.74937e-08
-6.86398e-08-1.25366e-07-2.08820e-07-3.09826e-07-4.04528e-07-4.53575e-07
-4.18562e-07-2.90962e-07-9.15256e-08 1.36168e-07 3.44779e-07 5.05669e-07
 6.12361e-07 6.65884e-07 6.60417e-07 5.80300e-07 4.20092e-07 2.11200e-07
 2.58070e-08-7.70743e-08-9.93023e-08-9.83262e-08-1.47824e-07-2.89443e-07
-4.57183e-07-5.10171e-07-4.18170e-07-2.72595e-07-1.39612e-07-3.43043e-08
 3.86750e-08 7.79675e-08 9.09137e-08 8.85936e-08 7.89266e-08 6.57684e-08
 5.11146e-08 3.65396e-08 2.35913e-08 1.34365e-08 6.51724e-09 2.57486e-09
 9.25813e-10 7.51838e-10 1.31794e-09 2.11207e-09 2.89756e-09 3.66191e-09
 4.48984e-09 5.43889e-09 6.48793e-09 7.55631e-09 8.54157e-09 9.34410e-09
 9.87576e-09 1.00640e-08 9.86307e-09 9.26874e-09 8.32322e-09 7.10298e-09
 5.69540e-09 4.17486e-09 2.58800e-09 9.57208e-10-6.94504e-10-2.30996e-09
-3.78393e-09-4.99028e-09-5.83601e-09-6.29965e-09-6.42482e-09-6.28501e-09
-5.94896e-09-5.45682e-09-4.80988e-09-3.99025e-09-3.01215e-09-1.96101e-09
-9.75098e-10-1.79058e-10 3.73634e-10 7.05877e-10 8.80683e-10 9.56848e-10
 9.60535e-10 8.78260e-10 6.75499e-10 3.41905e-10-6.80259e-11-4.43205e-10
-6.76216e-10-7.24072e-10-6.16402e-10-4.15306e-10-1.67626e-10 1.16421e-10
 4.51743e-10 8.49023e-10 1.29004e-09 1.72392e-09 2.07949e-09 2.28758e-09
 2.31316e-09 2.17812e-09 1.93843e-09 1.62386e-09 1.21358e-09 6.89410e-10
 9.79190e-11-4.71012e-10-9.59103e-10-1.36699e-09-1.71151e-09-1.97459e-09
-2.09520e-09-2.01212e-09-1.72985e-09-1.33406e-09-9.24486e-10-5.39823e-10
-1.56453e-10 2.54096e-10 6.75574e-10 1.03685e-09 1.24893e-09 1.26659e-09
 1.11269e-09 8.50640e-10 5.41653e-10 2.15881e-10-1.26645e-10-4.87964e-10
-8.49940e-10-1.16945e-09-1.38191e-09-1.42683e-09-1.28479e-09-9.85153e-10
-5.81664e-10-1.21973e-10 3.67021e-10 8.70748e-10 1.37269e-09 1.84272e-09
 2.22662e-09 2.44913e-09 2.44851e-09 2.21714e-09 1.79846e-09 1.24568e-09
 5.94127e-10-1.35675e-10-9.26951e-10-1.74906e-09-2.53354e-09-3.18058e-09
-3.60612e-09-3.77412e-09-3.68356e-09-3.35097e-09-2.80896e-09-2.08546e-09
-1.17727e-09-8.10200e-11 1.13470e-09 2.32260e-09 3.34435e-09 4.14549e-09
 4.73582e-09 5.11660e-09 5.23961e-09 5.02969e-09 4.45019e-09 3.55058e-09
 2.43881e-09 1.21093e-09-7.64649e-11-1.37587e-09-2.61971e-09-3.71905e-09
-4.57687e-09-5.11600e-09-5.30475e-09-5.15096e-09-4.67802e-09-3.91458e-09
-2.90308e-09-1.71765e-09-4.68023e-10 7.21399e-10 1.73216e-09 2.45942e-09
 2.82787e-09 2.81387e-09
     0.0000e+00     0.0000e+00      0  0  0.00
     200   1.00000  0.0000e+00
 2.45380e-09 1.84525e-09 1.14103e-09 5.21270e-10 1.33891e-10 7.22389e-12
 6.83142e-09 2.20809e-08 3.71605e-08 4.57343e-08 3.90631e-08 8.12503e-09
-5.21215e-08-1.30684e-07-1.87520e-07-1.71562e-07-6.06092e-08 1.28884e-07
 3.63423e-07 6.02443e-07 7.95028e-07 8.67977e-07 7.30918e-07 3.09473e-07
-3.88330e-07-1.21852e-06-1.93413e-06-2.17853e-06-1.68967e-06-5.50823e-07
 7.33737e-07 1.50337e-06 1.54055e-06 1.19049e-06 7.75860e-07 3.84139e-07
 5.18322e-08-1.77467e-07-2.92649e-07-3.16306e-07-2.81332e-07-2.17149e-07
-1.46030e-07-8.25021e-08-3.39251e-08-1.82683e-09 1.61033e-08 2.39169e-08
 2.56839e-08 2.45055e-08 2.22884e-08 1.98930e-08 1.74248e-08 1.46429e-08
 1.13048e-08 7.32169e-09 2.79886e-09-1.99699e-09-6.71001e-09-1.09790e-08
-1.45006e-08-1.70517e-08-1.84876e-08-1.87479e-08-1.78586e-08-1.59214e-08
-1.30954e-08-9.58864e-09-5.65627e-09-1.57533e-09 2.38917e-09 5.99795e-09
 9.04116e-09 1.13474e-08 1.27966e-08 1.33255e-08 1.29303e-08 1.16671e-08
 9.64720e-09 7.03389e-09 4.03234e-09 8.73378e-10-2.20759e-09-4.99294e-09
-7.29275e-09-8.95220e-09-9.86954e-09-1.00033e-08-9.36662e-09-8.02364e-09
-6.08788e-09-3.71476e-09-1.08591e-09 1.60521e-09 4.16110e-09 6.39573e-09
 8.15172e-09 9.30841e-09 9.79237e-09 9.58473e-09 8.71688e-09 7.26549e-09
 5.34406e-09 3.09471e-09 6.87069e-10-1.69856e-09-3.89837e-09-5.76436e-09
-7.15991e-09-7.98974e-09-8.22507e-09-7.88538e-09-7.00805e-09-5.65563e-09
-3.94564e-09-2.03866e-09-8.83192e-11 1.77141e-09 3.40534e-09 4.69000e-09
 5.53672e-09 5.88974e-09 5.73613e-09 5.12005e-09 4.11323e-09 2.79002e-09
 1.25511e-09-3.50086e-10-1.88198e-09-3.21207e-09-4.22665e-09-4.83903e-09
-5.00237e-09-4.70563e-09-3.97490e-09-2.87268e-09-1.48494e-09 7.16429e-11
 1.65242e-09 3.12361e-09 4.36702e-09 5.26843e-09 5.74714e-09 5.75913e-09
 5.29310e-09 4.38118e-09 3.08401e-09 1.49151e-09-2.74394e-10-2.07356e-09
-3.76651e-09-5.22090e-09-6.31263e-09-6.94503e-09-7.06533e-09-6.65318e-09
-5.71900e-09-4.32126e-09-2.56137e-09-5.62795e-10 1.53464e-09 3.57437e-09
 5.39516e-09 6.85396e-09 7.84279e-09 8.28595e-09 8.13514e-09 7.38154e-09
 6.07004e-09 4.29648e-09 2.18512e-09-1.31548e-10-2.50408e-09-4.75453e-09
-6.70713e-09-8.22439e-09-9.20464e-09-9.57810e-09-9.31674e-09-8.43069e-09
-6.97007e-09-5.04194e-09-2.79508e-09-3.85028e-10 2.02696e-09 4.26967e-09
 6.18443e-09 7.64038e-09 8.53412e-09 8.80286e-09 8.43891e-09 7.48268e-09
 6.01830e-09 4.17721e-09 2.12543e-09 5.61168e-11-1.81521e-09-3.29003e-09
-4.21955e-09-4.51369e-09
     0.0000e+00     0.0000e+00      0  0  0.00
     200   1.00000  0.0000e+00
-4.17999e-09-3.34592e-09-2.23793e-09-1.14968e-09-3.59493e-10-1.28750e-11
 7.10154e-12 3.17730e-08 5.66310e-08 1.17831e-07 2.20315e-07 3.53477e-07
 4.83843e-07 5.53481e-07 4.98083e-07 2.82476e-07-8.77887e-08-5.38132e-07
-9.37514e-07-1.18191e-06-1.22846e-06-1.07104e-06-7.13698e-07-1.76517e-07
 4.58006e-07 9.95087e-07 1.15670e-06 7.85443e-07 1.02383e-08-7.81215e-07
-1.13032e-06-7.75064e-07 2.69157e-08 6.53917e-07 8.38915e-07 7.72643e-07
 6.25746e-07 4.41015e-07 2.50707e-07 9.07557e-08-2.70494e-08-1.08115e-07
-1.57481e-07-1.77452e-07-1.72603e-07-1.51052e-07-1.22253e-07-9.39875e-08
-7.07641e-08-5.39026e-08-4.25510e-08-3.48194e-08-2.87602e-08-2.30420e-08
-1.71937e-08-1.14360e-08-6.27566e-09-2.14597e-09 7.41604e-10 2.37833e-09
 2.87603e-09 2.40059e-09 1.16440e-09-5.65555e-10-2.50198e-09-4.40517e-09
-6.12505e-09-7.58638e-09-8.73678e-09-9.49402e-09-9.71687e-09-9.22572e-09
-7.88628e-09-5.71750e-09-2.93926e-09 1.02615e-10 3.09318e-09 5.86556e-09
 8.39461e-09 1.07078e-08 1.27890e-08 1.45147e-08 1.56416e-08 1.58912e-08
 1.51209e-08 1.34519e-08 1.12233e-08 8.79474e-09 6.36600e-09 3.94954e-09
 1.47368e-09-1.08352e-09-3.61074e-09-5.85447e-09-7.49825e-09-8.32514e-09
-8.36051e-09-7.85595e-09-7.10446e-09-6.24749e-09-5.24263e-09-3.98354e-09
-2.44942e-09-7.74956e-10 7.93110e-10 2.01133e-09 2.74805e-09 3.01865e-09
 2.95076e-09 2.70556e-09 2.37330e-09 1.90467e-09 1.18284e-09 2.13347e-10
-7.93306e-10-1.59021e-09-2.11383e-09-2.45910e-09-2.67354e-09-2.66435e-09
-2.30837e-09-1.60727e-09-7.30940e-10 9.35736e-11 7.77858e-10 1.43587e-09
 2.20648e-09 3.04031e-09 3.70076e-09 3.95049e-09 3.71736e-09 3.13232e-09
 2.42134e-09 1.72252e-09 1.01245e-09 1.86444e-10-8.14080e-10-1.91872e-09
-2.94517e-09-3.70653e-09-4.10119e-09-4.13931e-09-3.92953e-09-3.59949e-09
-3.19170e-09-2.64884e-09-1.89334e-09-9.17975e-10 1.81294e-10 1.24926e-09
 2.13749e-09 2.75857e-09 3.12411e-09 3.33421e-09 3.47960e-09 3.53496e-09
 3.38122e-09 2.93360e-09 2.22217e-09 1.37134e-09 5.43105e-10-1.38001e-10
-6.63436e-10-1.12384e-09-1.58261e-09-1.99783e-09-2.27419e-09-2.32866e-09
-2.10811e-09-1.64753e-09-1.12660e-09-7.53702e-10-5.43847e-10-3.03094e-10
 1.16835e-10 6.22064e-10 9.69393e-10 1.00776e-09 8.05456e-10 5.71342e-10
 4.52271e-10 3.99941e-10 2.61037e-10-2.28830e-11-3.54681e-10-5.96229e-10
-6.78604e-10-6.22692e-10-5.08443e-10-4.00709e-10-2.88185e-10-1.16985e-10
 1.30975e-10 4.08547e-10 6.35884e-10 7.62419e-10 7.90546e-10 7.36173e-10
 6.02054e-10 3.98095e-10
