.TRUE.                                                                             
    0   64                                                                      
GREEN.1
    6.0      8.00       1  128 256    1.000     5    1
    1    1    1    1    1    1    1    1    1    1    0                         
 0.5500E+01 0.5500E+01 0.3180E+01 0.2400E+01   600.00    300.00
 0.2500E+01 0.6300E+01 0.3640E+01 0.2670E+01   600.00    300.00
 0.8000E+01 0.6300E+01 0.3640E+01 0.2670E+01   600.00    300.00
 0.1900E+02 0.6700E+01 0.3870E+01 0.2800E+01   600.00    300.00
 0.4000E+03 0.7800E+01 0.4500E+01 0.3300E+01   600.00    300.00
    3                                                                           
  0.4000000E+03  1.500000E+00         0
    1   10000.0     30.0      2.9       2.5
  20.00      0.0      10.0
